0.9471661328231864 0.06476195491534809 0.5742428570629492 0.24343679349366465 0.5199853539190512 0.3532449491087607 0.3991531421460738
0.10626553897200941 0.14613799810392414 0.8884601973597049 0.18738345520199617 0.3258127628507228 0.38135721160200164 0.9732463161876662
0.5039320299873962 0.6103132538685232 0.6276514495544911 0.3339262120876302 0.9585707374975583 0.18310961828650585 0.35202146680400725
0.6883180037115675 0.1422252548177173 0.9233259159355589 0.1692833306398035 0.1567109571340296 0.0654161363889032 0.49881370166834205
0.3307763027175048 0.35568084100406505 0.36368387666342195 0.511420487253042 0.052335384219125536 0.1327829977324274 0.44214760650106066
0.4334197937526436 0.287760705461643 0.5495755830337226 0.4198236958671655 0.9039808125691907 0.008116505240941763 0.9010892530912938
0.20405685500772308 0.7758451137659738 0.782544777392394 0.2717741194195413 0.2763934677827332 0.1549165366107328 0.47288000564488275
0.37111819842004334 0.8034526041621457 0.5592597106143322 0.15220276121949916 0.1665462696523894 0.49982755837114234 0.23904157239296753
0.9365717627134565 0.13687174409040015 0.264776685767404 0.6452395542193609 0.27952547505009173 0.8064883063243423 0.9904393282419282
0.012478557550884561 0.4205457963938797 0.5886521516545737 0.09653884721066097 0.030148862722874314 0.10152804264026227 0.8656197393133764
